0000 0130.20 0541.31 00 00
0001 0165.89 0086.35 00 00
0002 0020.81 0845.22 00 00
0003 0625.69 0299.25 00 00
0004 0496.41 0232.17 00 00
0005 0341.80 0311.55 00 00
0006 0475.46 0806.49 00 00
0007 0212.19 0752.07 00 00
0008 0974.73 0276.44 00 00
0009 0835.82 0186.96 00 00
0010 0952.87 0109.44 00 00
0011 0707.37 0505.04 00 00
0012 0380.48 0049.84 00 00
0013 0070.97 0980.50 00 00
0014 0038.53 0110.26 00 00
0015 0496.33 0389.50 00 00
0016 0306.09 0605.54 00 00
0017 0204.15 0283.66 00 00
0018 0063.21 0668.56 00 00
0019 0661.34 0760.29 00 00
0020 0538.43 0683.91 00 00
0021 0691.66 0948.12 00 00
0022 0743.90 0669.75 00 00
0023 0913.33 0452.39 00 00
0024 0904.80 0901.95 00 00
0025 0595.30 0353.00 01 01
0026 0053.17 0834.34 01 01
